anchor_point:
  0:
  - 591
  - 271
  1:
  - 611
  - 437
camera_matrix:
  0:
  - - 16072.41788169413
    - 0.0
    - 936.636702635659
  - - 0.0
    - 2652.468123115345
    - 522.7080695391985
  - - 0.0
    - 0.0
    - 1.0
  1:
  - - 670.8450979216632
    - 0.0
    - 268.3819352839837
  - - 0.0
    - 725.145754889081
    - 248.88178474174018
  - - 0.0
    - 0.0
    - 1.0
camera_size:
  0:
  - 480
  - 240
  1:
  - 480
  - 240
distortion:
  0:
  - - -3.1161614331785743
    - -22.18204254496217
    - -0.07331705374392494
    - -0.11522251246902578
    - 261.04207514721554
  1:
  - - -0.9318781249854649
    - 19.748687229342764
    - 0.07949982939774451
    - 0.02021516496257042
    - -99.31464421608801
name: RUN1
optimized_camera_matrix:
  0:
  - - 12325.007795068232
    - 0.0
    - 795.3490880508814
  - - 0.0
    - 2033.8753823179118
    - 497.3626531420767
  - - 0.0
    - 0.0
    - 1.0
  1:
  - - 670.8450979216632
    - 0.0
    - 268.3819352839837
  - - 0.0
    - 574.6022623142945
    - 283.36866705010294
  - - 0.0
    - 0.0
    - 1.0
projection_error:
  0: 0.36742445792090495
  1: 0.22503628591610367
rotation_matrix:
  0:
  - - -0.0743096651113877
    - 0.09554382803119094
    - -0.9926476971192649
  - - -0.7870494530963721
    - -0.6168897378163096
    - -0.000457993041997673
  - - -0.612397936028311
    - 0.7812287938255162
    - 0.12103858742646467
stereo_calibration_error:
  0: 0.5750706100159929
translation_matrix:
  0:
  - - 1.1289988720399677
  - - -0.2026121721989284
  - - 0.19575557809050106
