anchor_point:
  0:
  - 657.0
  - 120.0
  1:
  - 655
  - 450
camera_matrix:
  0:
  - - 5777.0839489151795
    - 0.0
    - 958.7972802550331
  - - 0.0
    - 5852.763039558001
    - 479.9335719417853
  - - 0.0
    - 0.0
    - 1.0
  1:
  - - 1583.632555875319
    - 0.0
    - 958.2354981675701
  - - 0.0
    - 1784.3944081039006
    - 480.5643718356315
  - - 0.0
    - 0.0
    - 1.0
camera_size:
  0:
  - 480
  - 240
  1:
  - 480
  - 240
distortion:
  0:
  - - -0.202918407895296
    - 2.732191144991486
    - 0.06165176830113257
    - 0.017713047485270524
    - -12.59193126557404
  1:
  - - 0.03063700739202689
    - 0.13743373247944068
    - -0.005760582449450306
    - 0.001038930693774431
    - -0.16117101308042445
name: RUN2
optimized_camera_matrix:
  0:
  - - 5690.113176533226
    - 0.0
    - 968.3753296923018
  - - 0.0
    - 5748.327451116194
    - 494.6515426611983
  - - 0.0
    - 0.0
    - 1.0
  1:
  - - 1615.861981957993
    - 0.0
    - 959.9620761501093
  - - 0.0
    - 1789.4411452984903
    - 478.3579905299003
  - - 0.0
    - 0.0
    - 1.0
projection_error:
  0: 0.18608607647120182
  1: 0.20224734234066724
rotation_matrix:
  0:
  - - -0.9330969936459494
    - -0.35909459245951225
    - 0.019521119722696156
  - - -0.013901524115657315
    - 0.09025760986007836
    - 0.9958214255023877
  - - -0.3593560185611934
    - 0.928926605027912
    - -0.08921106655098632
stereo_calibration_error:
  0: 0.9511954513268037
translation_matrix:
  0:
  - - -0.5830612985627703
  - - -2.42460641562599
  - - 0.7264312255655414
