anchor_point:
  0:
  - 648.0
  - 120.0
  1:
  - 634
  - 525
camera_matrix:
  0:
  - - 9696.264012380594
    - 0.0
    - 966.0755024145532
  - - 0.0
    - 24327.579014358882
    - 478.6364329210423
  - - 0.0
    - 0.0
    - 1.0
  1:
  - - 4751.81145933134
    - 0.0
    - 391.17259003049224
  - - 0.0
    - 4746.00635035062
    - 396.3980877625037
  - - 0.0
    - 0.0
    - 1.0
camera_size:
  0:
  - 480
  - 240
  1:
  - 480
  - 240
distortion:
  0:
  - - -2.683660548474735
    - 206.33132336942091
    - 0.08235025643340695
    - 0.0552626120161969
    - 2.558942954891483
  1:
  - - 0.8809288861085467
    - -216.03976400502685
    - -0.1200291590949294
    - 0.06410984624334333
    - -1.8848820354763562
name: RUN3
optimized_camera_matrix:
  0:
  - - 9602.398643755743
    - 0.0
    - 981.6498279271825
  - - 0.0
    - 23572.4965783567
    - 494.5688270407996
  - - 0.0
    - 0.0
    - 1.0
  1:
  - - 4602.561269683036
    - 0.0
    - 398.0527221457225
  - - 0.0
    - 4620.482464065552
    - 386.5655748553475
  - - 0.0
    - 0.0
    - 1.0
projection_error:
  0: 0.27665589545582875
  1: 0.46417933460741007
rotation_matrix:
  0:
  - - -0.7099046524181022
    - -0.45147471756568824
    - -0.5405607864746718
  - - 0.6644106272075528
    - -0.6839232277656607
    - -0.30134288937399284
  - - -0.23365338201874986
    - -0.5730790503251557
    - 0.7854848815538201
stereo_calibration_error:
  0: 22.411929242842852
translation_matrix:
  0:
  - - 1.6835375889103896
  - - 1.1295170491471618
  - - -2.443012753904504
