anchor_point:
  0:
  - 667.0
  - 120.0
  1:
  - 618
  - 493
camera_matrix:
  0:
  - - 795.6444879587086
    - 0.0
    - 198.64697656032826
  - - 0.0
    - 755.5324422123581
    - 240.29117105770442
  - - 0.0
    - 0.0
    - 1.0
  1:
  - - 974.7638329971955
    - 0.0
    - 272.5085452822855
  - - 0.0
    - 1007.6788726276387
    - -53.40313965602466
  - - 0.0
    - 0.0
    - 1.0
camera_size:
  0:
  - 480
  - 240
  1:
  - 480
  - 240
distortion:
  0:
  - - -2.493647341480189
    - -0.0002608171226812893
    - -0.09031260350721793
    - 0.0479330879483231
    - -0.003546072612600378
  1:
  - - 0.9425151460652017
    - -20.74575714424068
    - -0.027623724276202938
    - 0.002048502762377337
    - 161.44520053313423
name: RUN3
optimized_camera_matrix:
  0:
  - - 123.6152365792623
    - 0.0
    - 401.9414085355663
  - - 0.0
    - 218.36888824469418
    - 232.96922340926784
  - - 0.0
    - 0.0
    - 1.0
  1:
  - - 990.2176609705926
    - 0.0
    - 271.58343649052136
  - - 0.0
    - 1013.5481947230442
    - -53.72689514653082
  - - 0.0
    - 0.0
    - 1.0
projection_error:
  0: 0.1996523797572489
  1: 0.6957876785773657
rotation_matrix:
  0:
  - - -0.9931147319815263
    - -0.04425380603066233
    - 0.10846533903999682
  - - 0.09387759284283008
    - 0.25319145357152406
    - 0.962850500026029
  - - -0.0700722961183431
    - 0.9664034812075848
    - -0.24729372176940534
stereo_calibration_error:
  0: 0.2456224952408158
translation_matrix:
  0:
  - - -0.007690227751318819
  - - -0.24270955995065105
  - - 0.3374845494482345
