anchor_point:
  0:
  - 661.0
  - 120.0
  1:
  - 613
  - 519
camera_matrix:
  0:
  - - 19177.57832900445
    - 0.0
    - -641.0784554697772
  - - 0.0
    - -4465.041236223477
    - -344.4571737585339
  - - 0.0
    - 0.0
    - 1.0
  1:
  - - -45662.53703987665
    - 0.0
    - 17.98946289062177
  - - 0.0
    - 13739.903733201712
    - -19.950170911911346
  - - 0.0
    - 0.0
    - 1.0
camera_size:
  0:
  - 480
  - 240
  1:
  - 480
  - 240
distortion:
  0:
  - - -2.538288696073984
    - 0.00953299342825543
    - -0.09102529359702201
    - 0.04692373535836359
    - 0.0017823890767594908
  1:
  - - 0.16436502399558364
    - 0.8648506609613513
    - -0.001712236381790926
    - -0.01952336112172038
    - -1.6145864358788877
name: RUN3
optimized_camera_matrix:
  0:
  - - 18652.206195073686
    - 0.0
    - -617.7946901654003
  - - 0.0
    - 4321.9669529942
    - 569.885682469439
  - - 0.0
    - 0.0
    - 1.0
  1:
  - - 45658.96380788089
    - 0.0
    - 460.69474530214075
  - - 0.0
    - 13738.775400203273
    - -19.942878323191476
  - - 0.0
    - 0.0
    - 1.0
projection_error:
  0: 0.19967185924757044
  1: 0.4575044721851167
rotation_matrix:
  0:
  - - 0.9828656028941638
    - -0.18415543149892638
    - -0.00787297256036212
  - - 0.18142934926214677
    - 0.9590100168231902
    - 0.21767677611334277
  - - -0.03253610108488647
    - -0.21537540407908376
    - 0.975989158466407
stereo_calibration_error:
  0: 0.6917857283746768
translation_matrix:
  0:
  - - -0.26076364322292134
  - - -1.3854974016011101
  - - -0.9882575100117414
