anchor_point:
  0:
  - 668.0
  - 120.0
  1:
  - 611
  - 497
camera_matrix:
  0:
  - - 6653.435200727206
    - 0.0
    - 260.8781588498698
  - - 0.0
    - 6366.154650197116
    - -12.423280192952056
  - - 0.0
    - 0.0
    - 1.0
  1:
  - - 967.2248413317141
    - 0.0
    - 270.9502337115938
  - - 0.0
    - 1010.1496818766047
    - -60.36081480920904
  - - 0.0
    - 0.0
    - 1.0
camera_size:
  0:
  - 480
  - 240
  1:
  - 480
  - 240
distortion:
  0:
  - - -2.4923088867694756
    - -0.0007301943165839528
    - -0.09024182414832274
    - 0.04814793263304584
    - -0.002765209458970443
  1:
  - - 1.0735165691917186
    - -22.37096632415237
    - -0.03523528755417501
    - 0.0018687579633770916
    - 173.32621797204945
name: RUN3
optimized_camera_matrix:
  0:
  - - 6548.067932156685
    - 0.0
    - 262.8482940042946
  - - 0.0
    - 6189.006559621958
    - -12.093929968468311
  - - 0.0
    - 0.0
    - 1.0
  1:
  - - 986.4431060715384
    - 0.0
    - 269.7510664381086
  - - 0.0
    - 1019.9085279607509
    - -61.00431767906442
  - - 0.0
    - 0.0
    - 1.0
projection_error:
  0: 0.19964861522480545
  1: 0.6956713274737198
rotation_matrix:
  0:
  - - -0.9992539813878548
    - -0.020588225250942678
    - 0.03267423543921207
  - - 0.020358415655714307
    - 0.4381346370996737
    - 0.8986787939444912
  - - -0.03281791572464319
    - 0.8986735585041726
    - -0.4373886368585004
stereo_calibration_error:
  0: 0.4396148187832282
translation_matrix:
  0:
  - - -0.07847031105799299
  - - -2.3383001643805867
  - - 1.3164276464311342
