anchor_point:
  0:
  - 659.0
  - 120.0
  1:
  - 610
  - 497
camera_matrix:
  0:
  - - 7180.751217852098
    - 0.0
    - 256.71195760356625
  - - 0.0
    - 7697.509844812567
    - 86.86981000000685
  - - 0.0
    - 0.0
    - 1.0
  1:
  - - 870.0757019458334
    - 0.0
    - 270.184539461349
  - - 0.0
    - 900.5779295979431
    - 113.06256145904281
  - - 0.0
    - 0.0
    - 1.0
camera_size:
  0:
  - 480
  - 240
  1:
  - 480
  - 240
distortion:
  0:
  - - -2.565136913426962
    - -0.0036529762180701718
    - -0.09135474656086771
    - 0.04667076297300727
    - 0.0037514951869029537
  1:
  - - 0.44084130655043735
    - -3.2111944431154376
    - 0.02882413985875643
    - -0.006181661219954831
    - 0.42105746634008046
name: RUN3
optimized_camera_matrix:
  0:
  - - 7120.499851848068
    - 0.0
    - 258.09164576987496
  - - 0.0
    - 7608.942670688292
    - 85.66486192991954
  - - 0.0
    - 0.0
    - 1.0
  1:
  - - 875.4280677668686
    - 0.0
    - 269.53817271213524
  - - 0.0
    - 901.3931672232135
    - 115.32294028045185
  - - 0.0
    - 0.0
    - 1.0
projection_error:
  0: 0.19967899660787325
  1: 0.21283184824263737
rotation_matrix:
  0:
  - - -0.9993032674940661
    - -0.019965519056987294
    - 0.0315334366104944
  - - 0.02361411768508973
    - 0.3160525250692223
    - 0.9484477712785893
  - - -0.028902474316876817
    - 0.9485315911692944
    - -0.31536085288476856
stereo_calibration_error:
  0: 0.49889965072060977
translation_matrix:
  0:
  - - -0.08168325127010485
  - - -2.592651198138581
  - - 1.0523680074723027
