anchor_point:
  0:
  - 667.0
  - 120.0
  1:
  - 618
  - 493
camera_matrix:
  0:
  - - 1009.1924234952902
    - 0.0
    - 254.23699753213234
  - - 0.0
    - 1214.1574915495498
    - 109.59159603294579
  - - 0.0
    - 0.0
    - 1.0
  1:
  - - 1009.1924234952902
    - 0.0
    - 255.0504769283246
  - - 0.0
    - 1214.1574915495498
    - 109.43542620672788
  - - 0.0
    - 0.0
    - 1.0
camera_size:
  0:
  - 480
  - 240
  1:
  - 480
  - 240
distortion:
  0:
  - - -2.493647341480189
    - -0.0002608171226812893
    - -0.09031260350721793
    - 0.0479330879483231
    - -0.003546072612600378
  1:
  - - 0.9425151460652017
    - -20.74575714424068
    - -0.027623724276202938
    - 0.002048502762377337
    - 161.44520053313423
name: RUN3
optimized_camera_matrix:
  0:
  - - 81.57338364133518
    - 0.0
    - 454.3593449291842
  - - 0.0
    - 117.55607190633748
    - 22.48456124904124
  - - 0.0
    - 0.0
    - 1.0
  1:
  - - 1022.0169447186665
    - 0.0
    - 254.93509068087008
  - - 0.0
    - 1218.7159808399747
    - 108.35523965123895
  - - 0.0
    - 0.0
    - 1.0
projection_error:
  0: 0.1996523797572489
  1: 0.6957876785773657
rotation_matrix:
  0:
  - - -0.9990102278576855
    - -0.01532922075414345
    - 0.04175619267613001
  - - 0.02954578857182465
    - 0.473049107230311
    - 0.8805405093045265
  - - -0.03325072951687513
    - 0.8809026944786108
    - -0.47212798248665466
stereo_calibration_error:
  0: 0.4609552994058878
translation_matrix:
  0:
  - - -0.005676038409361776
  - - -0.33422368765591387
  - - 0.4067984046043969
