anchor_point:
  0:
  - 655.0
  - 120.0
  1:
  - 605
  - 524
camera_matrix:
  0:
  - - 5295.424724985816
    - 0.0
    - 239.5552846084184
  - - 0.0
    - 5525.01150178483
    - 120.0062002896369
  - - 0.0
    - 0.0
    - 1.0
  1:
  - - 1271.219345148051
    - 0.0
    - 275.13889891995876
  - - 0.0
    - 1269.0709790230233
    - -7.048016817314893
  - - 0.0
    - 0.0
    - 1.0
camera_size:
  0:
  - 480
  - 240
  1:
  - 480
  - 240
distortion:
  0:
  - - 6.972315446454852
    - 0.006050747249694564
    - -0.044811943020669244
    - -0.12035813592362296
    - -0.001079717319748968
  1:
  - - 0.1365332815375001
    - -15.508423106006015
    - 0.036787492665206624
    - 0.028070646599970245
    - -0.16194221109026116
name: RUN3
optimized_camera_matrix:
  0:
  - - 5364.661625879537
    - 0.0
    - 235.81542579971014
  - - 0.0
    - 5530.566875349672
    - 119.57683942785788
  - - 0.0
    - 0.0
    - 1.0
  1:
  - - 990.4751986247246
    - 0.0
    - 316.22271930368413
  - - 0.0
    - 888.1829681033071
    - -3.382944430843745
  - - 0.0
    - 0.0
    - 1.0
projection_error:
  0: 0.16315246503102698
  1: 0.6458909787915312
