anchor_point:
  0:
  - 659.0
  - 120.0
  1:
  - 610
  - 497
camera_matrix:
  0:
  - - 7239.152563966175
    - 0.0
    - 241.28713786993669
  - - 0.0
    - 6904.361480623567
    - 119.53429953559122
  - - 0.0
    - 0.0
    - 1.0
  1:
  - - 2199.1072204169914
    - 0.0
    - 196.3560587757294
  - - 0.0
    - 2209.7378709646223
    - 71.38648413411713
  - - 0.0
    - 0.0
    - 1.0
camera_size:
  0:
  - 480
  - 240
  1:
  - 480
  - 240
distortion:
  0:
  - - -2.565136913426962
    - -0.0036529762180701718
    - -0.09135474656086771
    - 0.04667076297300727
    - 0.0037514951869029537
  1:
  - - 0.44084130655043735
    - -3.2111944431154376
    - 0.02882413985875643
    - -0.006181661219954831
    - 0.42105746634008046
name: RUN3
optimized_camera_matrix:
  0:
  - - 7188.712877618023
    - 0.0
    - 242.5373939995219
  - - 0.0
    - 6853.823264643149
    - 118.2846469945246
  - - 0.0
    - 0.0
    - 1.0
  1:
  - - 2205.4476024237997
    - 0.0
    - 196.22598826371154
  - - 0.0
    - 2215.3682529420817
    - 72.44980324845656
  - - 0.0
    - 0.0
    - 1.0
projection_error:
  0: 0.19967899660787325
  1: 0.21283184824263737
