anchor_point:
  0:
  - 667.0
  - 120.0
  1:
  - 618
  - 493
camera_matrix:
  0:
  - - 1025.0257924523758
    - 0.0
    - 239.5
  - - 0.0
    - 1167.4283748089945
    - 119.5
  - - 0.0
    - 0.0
    - 1.0
  1:
  - - 908.2222644783856
    - 0.0
    - 239.5
  - - 0.0
    - 1022.0738726561734
    - 119.5
  - - 0.0
    - 0.0
    - 1.0
camera_size:
  0:
  - 480
  - 240
  1:
  - 480
  - 240
distortion:
  0:
  - - -2.493647341480189
    - -0.0002608171226812893
    - -0.09031260350721793
    - 0.0479330879483231
    - -0.003546072612600378
  1:
  - - 0.9425151460652017
    - -20.74575714424068
    - -0.027623724276202938
    - 0.002048502762377337
    - 161.44520053313423
name: RUN3
optimized_camera_matrix:
  0:
  - - 38.896419069434934
    - 0.0
    - 465.87284246703143
  - - 0.0
    - 36.42824167341793
    - 5.213871322344753
  - - 0.0
    - 0.0
    - 1.0
  1:
  - - 923.4324545418978
    - 0.0
    - 239.86138528106315
  - - 0.0
    - 1029.4785143359152
    - 118.15667745650397
  - - 0.0
    - 0.0
    - 1.0
projection_error:
  0: 0.1996523797572489
  1: 0.6957876785773657
rotation_matrix:
  0:
  - - -0.9989889325810271
    - -0.0034931790244832027
    - 0.044820868810445245
  - - 0.03987448684552658
    - 0.3916191304677269
    - 0.9192630102155244
  - - -0.02076385993562279
    - 0.9201207824802156
    - -0.39108388840320363
stereo_calibration_error:
  0: 0.276237155699025
translation_matrix:
  0:
  - - 0.001967696382518756
  - - -0.35551491494941617
  - - 0.3605854115408261
