anchor_point:
  0:
  - 671.0
  - 120.0
  1:
  - 650
  - 517
camera_matrix:
  0:
  - - 3183.799009566629
    - 0.0
    - 956.5113408655812
  - - 0.0
    - 3393.3599123017893
    - 489.82614472176783
  - - 0.0
    - 0.0
    - 1.0
  1:
  - - 3604.443408780572
    - 0.0
    - 456.8736972528592
  - - 0.0
    - 3880.530160206157
    - 360.2036539356899
  - - 0.0
    - 0.0
    - 1.0
camera_size:
  0:
  - 480
  - 240
  1:
  - 480
  - 240
distortion:
  0:
  - - -0.005873798414261023
    - -16.466289870070888
    - -0.007114881455055014
    - -0.06387490749119124
    - 131.9590103343938
  1:
  - - 5.836105292965374
    - -156.6307328386967
    - 0.039486188861708835
    - -0.11844027041699029
    - -3.041941808244209
name: RUN3
optimized_camera_matrix:
  0:
  - - 3063.080939138349
    - 0.0
    - 903.7726732323237
  - - 0.0
    - 3155.0077651114
    - 486.5906930053523
  - - 0.0
    - 0.0
    - 1.0
  1:
  - - 3733.471992667029
    - 0.0
    - 433.75353805402455
  - - 0.0
    - 3948.6744941773427
    - 367.04239166136216
  - - 0.0
    - 0.0
    - 1.0
projection_error:
  0: 0.23829957564938684
  1: 0.3948092203945775
rotation_matrix:
  0:
  - - -0.9894847032796145
    - -0.022678244629262254
    - -0.1428485883591037
  - - -0.14462212393284474
    - 0.1407025552091784
    - 0.9794320967921978
  - - -0.0021126392986547393
    - 0.9897921439262606
    - -0.1425028019971898
stereo_calibration_error:
  0: 1.6384034899423772
translation_matrix:
  0:
  - - -0.13185569156966873
  - - -1.2682022802177717
  - - 1.1739762360757595
