anchor_point:
  0:
  - 667.0
  - 120.0
  1:
  - 618
  - 493
camera_matrix:
  0:
  - - 6607.074401914275
    - 0.0
    - 260.2656914897934
  - - 0.0
    - 6335.7449196205325
    - -7.724155748850534
  - - 0.0
    - 0.0
    - 1.0
  1:
  - - 968.3953773673837
    - 0.0
    - 261.98944130765324
  - - 0.0
    - 1009.6688500373521
    - -56.897768517265455
  - - 0.0
    - 0.0
    - 1.0
camera_size:
  0:
  - 480
  - 240
  1:
  - 480
  - 240
distortion:
  0:
  - - -2.493647341480189
    - -0.0002608171226812893
    - -0.09031260350721793
    - 0.0479330879483231
    - -0.003546072612600378
  1:
  - - 0.9425151460652017
    - -20.74575714424068
    - -0.027623724276202938
    - 0.002048502762377337
    - 161.44520053313423
name: RUN3
optimized_camera_matrix:
  0:
  - - 6503.71018760283
    - 0.0
    - 262.21639935931796
  - - 0.0
    - 6163.391875445446
    - -7.524511096134651
  - - 0.0
    - 0.0
    - 1.0
  1:
  - - 982.6966003201131
    - 0.0
    - 261.47105526311697
  - - 0.0
    - 1016.5703620613812
    - -57.28535620766744
  - - 0.0
    - 0.0
    - 1.0
projection_error:
  0: 0.1996523797572489
  1: 0.6957876785773657
rotation_matrix:
  0:
  - - -0.9993130654935047
    - -0.018742071451598643
    - 0.03197079748266384
  - - 0.02056415976038876
    - 0.4372527759148175
    - 0.8991035119985554
  - - -0.03083038221176541
    - 0.8991433393583531
    - -0.43656699694340884
stereo_calibration_error:
  0: 0.4391913984278917
translation_matrix:
  0:
  - - -0.07572696558949296
  - - -2.318121268914133
  - - 1.3061246734612237
