anchor_point:
  0:
  - 667.0
  - 120.0
  1:
  - 618
  - 493
camera_matrix:
  0:
  - - 716.1327208286085
    - 0.0
    - 204.56073028912866
  - - 0.0
    - 678.2425240582107
    - 332.5402462450798
  - - 0.0
    - 0.0
    - 1.0
  1:
  - - 928.4300413023883
    - 0.0
    - 336.51745044703466
  - - 0.0
    - 1016.7460604353881
    - 36.52394146057474
  - - 0.0
    - 0.0
    - 1.0
camera_size:
  0:
  - 480
  - 240
  1:
  - 480
  - 240
distortion:
  0:
  - - -2.493647341480189
    - -0.0002608171226812893
    - -0.09031260350721793
    - 0.0479330879483231
    - -0.003546072612600378
  1:
  - - 0.9425151460652017
    - -20.74575714424068
    - -0.027623724276202938
    - 0.002048502762377337
    - 161.44520053313423
name: RUN3
optimized_camera_matrix:
  0:
  - - 507.2416034085143
    - 0.0
    - 188.08827428660118
  - - 0.0
    - 538.0248941353756
    - 313.2020432194055
  - - 0.0
    - 0.0
    - 1.0
  1:
  - - 980.5500195294763
    - 0.0
    - 329.6473572321024
  - - 0.0
    - 1014.9828689583308
    - 36.27148841505523
  - - 0.0
    - 0.0
    - 1.0
projection_error:
  0: 0.1996523797572489
  1: 0.6957876785773657
rotation_matrix:
  0:
  - - -0.9880621902334673
    - -0.11367360687242592
    - 0.10397797522387402
  - - 0.08685359023985043
    - 0.14641453927154902
    - 0.985403083287417
  - - -0.12723821003728225
    - 0.9826703891898407
    - -0.1347937094822872
stereo_calibration_error:
  0: 0.2516451865225552
translation_matrix:
  0:
  - - -0.02839791834967512
  - - -0.2514977428080716
  - - 0.332436011069057
