anchor_point:
  0:
  - 656.0
  - 120.0
  1:
  - 642
  - 517
camera_matrix:
  0:
  - - 1021.6527065146311
    - 0.0
    - 239.5
  - - 0.0
    - 1172.1036678962714
    - 119.5
  - - 0.0
    - 0.0
    - 1.0
  1:
  - - 866.5954131444516
    - 0.0
    - 239.5
  - - 0.0
    - 952.9518549514714
    - 119.5
  - - 0.0
    - 0.0
    - 1.0
camera_size:
  0:
  - 480
  - 240
  1:
  - 480
  - 240
distortion:
  0:
  - - 3.876108339547503
    - -237.55123316097328
    - 0.08587921067616426
    - -0.027314883734817275
    - -4.98355192325629
  1:
  - - 0.21320580216864526
    - 0.9565449358751358
    - -0.038487401824942515
    - -0.021523160750761505
    - -146.70437489307892
name: RUN3
optimized_camera_matrix:
  0:
  - - 1021.6527065146312
    - 0.0
    - 239.5
  - - 0.0
    - 1017.2174176996604
    - 131.8866816909496
  - - 0.0
    - 0.0
    - 1.0
  1:
  - - 506.54728648079544
    - 0.0
    - 231.5336960011266
  - - 0.0
    - 715.9022269527213
    - 143.35530363778778
  - - 0.0
    - 0.0
    - 1.0
projection_error:
  0: 0.226910314291202
  1: 0.3820196731592168
rotation_matrix:
  0:
  - - -0.9985405948184624
    - -0.026174441724971333
    - 0.04723959250435439
  - - 0.03450627957940464
    - 0.36367032434041036
    - 0.9308883992529555
  - - -0.04154512208646567
    - 0.9311599184858248
    - -0.36223639938069896
stereo_calibration_error:
  0: 0.5279329059313888
translation_matrix:
  0:
  - - -0.008933595053222275
  - - -0.3634633270929625
  - - 0.3412929362102961
