anchor_point:
  0:
  - 661.0
  - 120.0
  1:
  - 613
  - 519
camera_matrix:
  0:
  - - 7187.453647466579
    - 0.0
    - 241.30168298526894
  - - 0.0
    - 6860.3365803968745
    - 119.53635921531385
  - - 0.0
    - 0.0
    - 1.0
  1:
  - - 1583.5551438048783
    - 0.0
    - 161.3681196664563
  - - 0.0
    - 1587.6534653556414
    - -61.33739975525672
  - - 0.0
    - 0.0
    - 1.0
camera_size:
  0:
  - 480
  - 240
  1:
  - 480
  - 240
distortion:
  0:
  - - -2.538288696073984
    - 0.00953299342825543
    - -0.09102529359702201
    - 0.04692373535836359
    - 0.0017823890767594908
  1:
  - - 0.16436502399558364
    - 0.8648506609613513
    - -0.001712236381790926
    - -0.01952336112172038
    - -1.6145864358788877
name: RUN3
optimized_camera_matrix:
  0:
  - - 7137.196590923765
    - 0.0
    - 242.56768871209403
  - - 0.0
    - 6809.773566652792
    - 118.2812062745115
  - - 0.0
    - 0.0
    - 1.0
  1:
  - - 1583.8921287945457
    - 0.0
    - 160.1037145286738
  - - 0.0
    - 1593.6988679815297
    - -61.24439418927097
  - - 0.0
    - 0.0
    - 1.0
projection_error:
  0: 0.19967185924757044
  1: 0.4575044721851167
