anchor_point:
  0:
  - 667.0
  - 120.0
  1:
  - 618
  - 493
camera_matrix:
  0:
  - - 7042.705241400572
    - 0.0
    - 241.33913442414817
  - - 0.0
    - 6735.912806719119
    - 119.54294071769839
  - - 0.0
    - 0.0
    - 1.0
  1:
  - - 1008.463382653927
    - 0.0
    - 252.91585418279047
  - - 0.0
    - 1017.3915115520873
    - -52.040426935462435
  - - 0.0
    - 0.0
    - 1.0
camera_size:
  0:
  - 480
  - 240
  1:
  - 480
  - 240
distortion:
  0:
  - - -2.493647341480189
    - -0.0002608171226812893
    - -0.09031260350721793
    - 0.0479330879483231
    - -0.003546072612600378
  1:
  - - 0.9425151460652017
    - -20.74575714424068
    - -0.027623724276202938
    - 0.002048502762377337
    - 161.44520053313423
name: RUN3
optimized_camera_matrix:
  0:
  - - 6992.572257311662
    - 0.0
    - 242.6590961736598
  - - 0.0
    - 6684.917963647368
    - 118.26705830825466
  - - 0.0
    - 0.0
    - 1.0
  1:
  - - 1021.1821281139962
    - 0.0
    - 252.8612585565547
  - - 0.0
    - 1020.878202650112
    - -52.23712208086754
  - - 0.0
    - 0.0
    - 1.0
projection_error:
  0: 0.1996523797572489
  1: 0.6957876785773657
rotation_matrix:
  0:
  - - -0.9994798019536569
    - -0.015655752579836587
    - 0.028196150408125762
  - - 0.020661128613123417
    - 0.3604806700496276
    - 0.9325378299484716
  - - -0.024763748728952237
    - 0.9326352898811686
    - -0.3599696831917354
stereo_calibration_error:
  0: 0.5633515449879739
translation_matrix:
  0:
  - - -0.06029116246357945
  - - -2.4711163849717277
  - - 1.2027917043542722
