anchor_point:
  0:
  - 667.0
  - 120.0
  1:
  - 618
  - 493
camera_matrix:
  0:
  - - 992.5868859389956
    - 0.0
    - 260.6075991983198
  - - 0.0
    - 970.4025414259804
    - -32.929024728343606
  - - 0.0
    - 0.0
    - 1.0
  1:
  - - 979.8068705724335
    - 0.0
    - 236.76551066109386
  - - 0.0
    - 887.8533087655561
    - -130.58625440776225
  - - 0.0
    - 0.0
    - 1.0
camera_size:
  0:
  - 480
  - 240
  1:
  - 480
  - 240
distortion:
  0:
  - - -2.493647341480189
    - -0.0002608171226812893
    - -0.09031260350721793
    - 0.0479330879483231
    - -0.003546072612600378
  1:
  - - 0.9425151460652017
    - -20.74575714424068
    - -0.027623724276202938
    - 0.002048502762377337
    - 161.44520053313423
name: RUN3
optimized_camera_matrix:
  0:
  - - 390.0912718265485
    - 0.0
    - 181.1854586497076
  - - 0.0
    - 68.72506526607488
    - -2.332072801744849
  - - 0.0
    - 0.0
    - 1.0
  1:
  - - 996.2359399147988
    - 0.0
    - 237.32237370026002
  - - 0.0
    - 1182.5192412925985
    - -173.3550987117599
  - - 0.0
    - 0.0
    - 1.0
projection_error:
  0: 0.1996523797572489
  1: 0.6957876785773657
rotation_matrix:
  0:
  - - -0.9995395597069876
    - 0.005040280557618062
    - 0.029920965102448543
  - - 0.028243923058336555
    - 0.5149117058668844
    - 0.8567778101535597
  - - -0.01108825464336974
    - 0.8572284005637907
    - -0.5148169770664219
stereo_calibration_error:
  0: 0.26852896750201377
translation_matrix:
  0:
  - - 0.0007939118353156704
  - - -0.2784136104634613
  - - 0.3527132551372781
