camera_matrix:
  0: null
camera_size:
  0:
  - 480
  - 240
  1:
  - 480
  - 240
name: RUN3
