anchor_point:
  0:
  - 667.0
  - 120.0
  1:
  - 618
  - 493
camera_matrix:
  0:
  - - 817.9016009956129
    - 0.0
    - 221.3138974475896
  - - 0.0
    - 782.2723910686898
    - 201.38335145336544
  - - 0.0
    - 0.0
    - 1.0
  1:
  - - 971.1780152127776
    - 0.0
    - 268.13353337301015
  - - 0.0
    - 979.7760492634146
    - -62.236217623476314
  - - 0.0
    - 0.0
    - 1.0
camera_size:
  0:
  - 480
  - 240
  1:
  - 480
  - 240
distortion:
  0:
  - - -2.493647341480189
    - -0.0002608171226812893
    - -0.09031260350721793
    - 0.0479330879483231
    - -0.003546072612600378
  1:
  - - 0.9425151460652017
    - -20.74575714424068
    - -0.027623724276202938
    - 0.002048502762377337
    - 161.44520053313423
name: RUN3
optimized_camera_matrix:
  0:
  - - 643.118472695468
    - 0.0
    - 211.74024335272426
  - - 0.0
    - 464.25134297637896
    - 204.66768497345055
  - - 0.0
    - 0.0
    - 1.0
  1:
  - - 986.1680198910994
    - 0.0
    - 267.34593325497093
  - - 0.0
    - 995.4845130142079
    - -63.21473185500519
  - - 0.0
    - 0.0
    - 1.0
projection_error:
  0: 0.1996523797572489
  1: 0.6957876785773657
rotation_matrix:
  0:
  - - -0.9961639706312531
    - -0.034979163025166266
    - 0.08021098285294145
  - - 0.06698145816452146
    - 0.28504939093829373
    - 0.9561696130853887
  - - -0.056310104584616855
    - 0.9578743669603893
    - -0.28161297775831096
stereo_calibration_error:
  0: 0.2459957228585158
translation_matrix:
  0:
  - - -0.0066263920133170845
  - - -0.2491190753731243
  - - 0.3345521934712526
