anchor_point:
  0:
  - 667.0
  - 120.0
  1:
  - 618
  - 493
camera_matrix:
  0:
  - - 1145.425223573647
    - 0.0
    - 235.96420101090817
  - - 0.0
    - 1082.2558789254877
    - -771.2277532556627
  - - 0.0
    - 0.0
    - 1.0
  1:
  - - 973.1146372893319
    - 0.0
    - 262.03408807539034
  - - 0.0
    - 1217.6348760633373
    - 6.190135655469815
  - - 0.0
    - 0.0
    - 1.0
camera_size:
  0:
  - 480
  - 240
  1:
  - 480
  - 240
distortion:
  0:
  - - -2.493647341480189
    - -0.0002608171226812893
    - -0.09031260350721793
    - 0.0479330879483231
    - -0.003546072612600378
  1:
  - - 0.9425151460652017
    - -20.74575714424068
    - -0.027623724276202938
    - 0.002048502762377337
    - 161.44520053313423
name: RUN3
optimized_camera_matrix:
  0:
  - - 1145.4252235736467
    - 0.0
    - 235.96420101090814
  - - 0.0
    - 1082.2558789254879
    - -771.227753255663
  - - 0.0
    - 0.0
    - 1.0
  1:
  - - 987.3035958349099
    - 0.0
    - 261.5310146333387
  - - 0.0
    - 1213.9927199694152
    - 6.14845133205642
  - - 0.0
    - 0.0
    - 1.0
projection_error:
  0: 0.1996523797572489
  1: 0.6957876785773657
rotation_matrix:
  0:
  - - -0.9983245216228601
    - 0.007975282972924007
    - 0.05731094474870534
  - - 0.028868761325504463
    - 0.9270301652745885
    - 0.37387386548206314
  - - -0.05014722470903476
    - 0.3749019438899598
    - -0.9257071828183634
stereo_calibration_error:
  0: 0.2922644887991656
translation_matrix:
  0:
  - - -0.012338134503733991
  - - -0.4249604493029831
  - - 0.5242933086809765
